0.821769082706
0.87169086689
0.728301597717
0.517971484672
0.908157366853
0.911568690829
0.671699208536
0.660712032441
0.685824428183
0.792281247883
0.927604300369
0.733932454019
0.847079304687
0.80799073428
0.505182982878
-0.0363076406286
0.904801277997
0.763187576989
0.934972372858
0.839631583169
0.866722877207
0.864866824295
0.510434977474
0.510156209721
0.896713855185
0.697341317173
0.848698678809
0.775491244351
0.911598133912
0.844394777749
0.642715161406
0.912943516289
0.807317907543
0.711106970378
0.884765767357
0.798103362705
0.917122530314
0.0524960538139
0.84356116817
0.800406472223
0.709694788798
0.898216392242
0.922009184652
0.908295549464
0.86480605089
0.889535691506
0.838560649706
0.691958301687
0.927689328581
0.910751295477
0.828424204547
0.922247379632
0.835715671375
0.603898328144
0.795294960259
0.812728739619
0.598646261787
0.821789414677
0.912976744756
0.867173167419
0.827309169248
0.904579853273
0.337764680438
0.917908109376
0.695525051014
0.446653235302
0.59454019005
0.910748441637
-0.0696533104474
0.909203978648
0.905293894318
0.648855392483
0.305219739934
0.624992183763
0.572366160192
0.826877920663
0.822326928931
0.827000886183
0.56338711024
0.834262493174
0.548247157442
0.527978941889
0.55885231745
0.706315180229
0.916551953567
0.538961484916
0.931331804185
0.814262354092
0.919998985974
0.720874712821
0.923622011643
0.7936051805
0.692740814176
0.881624715303
0.816646565426
0.759261548246
0.79567321586
0.917953357946
0.571644392879
-0.00277687746541
0.350760017409
0.664984643854
0.785715674897
0.636945923319
0.930297329392
0.700968761652
0.924425109882
0.0937366303044
0.784941510142
0.920710176379
0.129798148043
0.853424450831
0.892950862877
0.559575790537
0.565945268997
0.902303264348
0.861563040477
0.894492708403
0.471806752074
0.488828588442
0.918338541589
0.0989648538999
0.811800547974
0.0187757814353
0.897550995726
0.855123585452
-0.00903853907392
0.449423792358
0.883565598338
0.919303875815
0.847652541835
0.808940630986
0.526705277113
0.645775720611
0.00721879056629
0.838712635942
0.867458749024
0.929091572192
0.824441631615
0.730805382743
0.824392188833
0.858757823381
0.599990303182
-0.0341521991219
0.000717776162275
0.893761233963
0.803536872799
0.375827961648
0.677460536323
0.866709187647
0.876808144761
0.609359789065
0.0642290970343
0.50069291562
0.66931409595
0.91051165321
0.545656175498
-0.018114987588
0.921665181416
0.839968703174
0.607914638446
0.672751156487
0.92113035466
0.506486483596
0.832810888477
0.870807766304
0.860854445263
0.377474107766
0.651116320323
0.812086853116
0.855192007848
0.896876229535
0.925351950259
0.838655850421
0.808764860724
0.906162509615
0.452344850458
0.875247368161
0.776288811756
-0.0926525514901
0.471763134069
0.860808075387
0.904247827797
0.835520169272
0.656978580694
0.712332503635
0.703918109319
0.814842544203
0.763726829065
0.868953179826
0.754766932467
0.710454494497
0.914395030308
-0.0425450961784
0.754027797528
0.82705541006
0.924023122293
0.91597144925
0.70995375795
0.862245531557
0.894941581193
0.871195265714
0.930064271936
0.876203099148
0.7848269509
0.833211304652
0.896621492363
0.49808431648
0.880741330035
0.406522938499
0.460563298874
0.866901744292
0.880758516328
0.693990642284
0.710598585636
0.488281241258
0.363646244506
0.663295265915
0.844430904763
0.796616722974
0.841595274967
0.920252898896
0.911998925243
0.928010939089
0.7294512263
0.905351861026
0.934577377139
0.449125981816
0.901834248354
0.807589285705
0.807529340343
0.691990188689
-0.0444966005856
0.810827810918
0.921558773797
0.925784476687
0.484812899245
0.261179405707
-0.0659929429989
0.686927793491
0.617559261836
0.905179549806
0.760145505234
-0.0652882480214
0.865790696781
0.925849364208
0.521463029693
0.582924364123
0.908015191415
0.876640534515
0.665524703587
0.902306710866
-0.000538394659358
0.41698704452
0.814984700816
0.904742854684
0.741322581919
0.916565872135
0.880217422534
-0.0164881513864
0.902915705462
0.916479301687
0.865970979103
0.60955464924
0.854636935549
0.882706946027
0.926233318975
0.652814513577
0.802129948904
0.554386372583
0.867367001295
0.494975935639
0.848119792819
0.855810722921
0.938935186294
0.582357451421
0.944397673323
0.526247223778
0.768777413347
0.913240777728
0.906303446248
0.767256942421
0.921764181586
0.89183611616
0.584120972688
0.601930276373
0.474725140234
0.871965726104
0.749336859124
0.917724442952
0.802930447811
0.698188413921
0.814201578328
0.00499584030823
0.529065618947
0.792943397419
0.655782205211
0.389425081478
0.903035590775
0.680448231111
0.903553129349
0.897441480898
0.929076998224
0.931269272332
0.452143539185
0.878529313353
0.724071398512
0.921453754079
0.893088134148
0.893390364213
0.498216383175
0.814112442144
0.871756119493
0.607040123276
0.799834479851
0.543208266667
0.379731662859
0.761397620002
0.871008817335
0.454260661956
0.916050794151
0.920636353683
0.518154837903
0.88140779642
0.790558252423
0.769599158601
0.599425725071
0.646020893466
0.391344894926
0.911459782924
0.817723353803
0.86004754921
0.699118164357
0.691502615489
0.790136085044
0.869842056565
0.917552450017
0.797731173751
0.844014244626
0.654266974457
0.499130318746
0.92228674555
0.636502368318
0.517845091772
0.835582626284
0.897595024709
0.640522970772
0.761266103542
0.775460304606
0.766899621609
0.919564297414
0.75465669895
0.865554357001
0.400152926747
0.476223438019
0.513060545988
0.826454847011
0.533115174417
0.598380044924
0.832783877258
0.68284423417
0.880534169392
0.909425313852
0.699507018493
0.0550084087387
0.897774526098
0.591274834973
0.831620549741
0.913860530634
0.813386654935
0.60583278748
0.87671243711
0.92281448598
0.910732973315
0.878770609156
0.909821934641
0.398082466708
0.800030567066
0.413504716261
0.863648832521
0.868885411165
0.839278219087
0.920166319714
0.845654630037
0.637246963093
0.916028498065
0.481499740873
0.677071891956
0.836229408639
0.900636305494
-0.0603409030476
0.46727232218
0.914064876879
0.860559466749
0.923081215554
0.618305267216
0.887638708554
0.835816737758
0.885715020865
0.885581602536
0.873799676333
0.439926318438
0.936698063309
0.844206623144
0.918058293844
0.924185756503
0.741793759358
0.913698633809
0.907885225561
0.0431225311511
0.933840414021
0.722297418847
0.602346463613
0.913176455551
0.613725067428
0.842291455316
0.192337446007
-0.0166857466832
0.772282242142
0.454935259415
0.856150964553
0.892833419505
0.912673875265
0.920592749064
0.692839195449
0.802867323537
0.550371690246
0.868579146388
0.850758531253
0.0310457747891
0.70758506465
0.919415637588
0.756629353454
0.558871722289
0.87425569551
0.615861064627
0.161753813311
0.915855046669
0.502533878848
0.805670002477
0.616596261503
0.881702959647
0.870344254751
0.914355983281
0.947742964852
0.922881835198
0.889125756706
0.540902187028
0.710961253211
0.825330901707
0.741258205586
0.751527544148
0.703178819851
0.877528654861
0.608514037269
0.873236990554
0.812852253841
0.670961951482
0.785055117688
0.833478193627
0.904015457292
0.684247117894
0.901267896118
0.90720456108
0.465469733535
0.697907356188
0.732200914794
0.629064918474
0.682147931559
0.834736854548
0.825419873171
0.655555156407
0.57408674556
0.663624601353
0.759696171459
0.835155876256
0.805611478526
0.759783684328
0.0269919740467
0.920289587208
0.923273214639
0.619786821773
0.890452697322
0.663658012994
0.776894337886
0.590163782455
0.940091815785
0.580572620523
0.920790029917
0.926587669937
0.916023147912
0.906380324666
0.401329393384
0.497170179271
0.735922851364
0.404156473021
0.830649797324
0.888013738256
-0.0127799152155
0.627083704988
-0.0876480164848
0.882606650237
0.901205198312
0.909528004182
0.451433815591
0.0846451814726
0.904845617745
0.905226637189
0.467374696875
0.0480634115477
0.907885312412
0.680891574891
0.296734377505
0.882329211314
0.324362915015
0.419364157339
0.624847707055
0.622408424041
0.835031426237
0.910484302258
0.89923093629
0.73538405944
0.815650616173
0.275499422845
0.805278965747
0.90804858367
0.856498168334
0.804442839026
0.9078211945
0.924848322055
0.913173119354
0.886803575587
0.522572935026
0.925824199216
0.894096931105
0.647096883889
0.75836922408
0.0258360554641
0.807497928549
0.622259356582
0.848222697635
0.836942964415
0.907274713327
0.789980158483
0.896408966084
0.605838439586
0.819403650119
0.85228633571
0.827065466095
0.832912082363
0.828633303482
0.844245371791
0.56401730649
0.779587364561
0.413997782623
0.822322428288
0.865896313747
0.869602326702
0.796094753993
0.765636511821
0.879595366807
0.9062937771
0.92147210563
-0.000322364650314
0.866190371355
0.772511290462
0.772038394747
0.566259611598
0.82503700889
0.922819240145
0.864429804078
0.725228093769
0.861447630099
0.822357202277
0.525971684544
0.438391996251
0.905709526357
0.907817495722
0.898584736598
0.367238488408
0.0653802265185
0.904275359868
0.764310767023
0.909336072656
0.911117475333
0.891488341734
0.314391785576
0.680548480019
0.934159376544
0.722885280338
0.923128469263
0.570496088523
0.875678867854
0.898835345
0.853795330419
0.590187736496
0.548770346087
0.826446405922
0.774518172641
0.60577906146