3.8
4.6
0
4.00
0.6
4.40
1
3.2
5
0
0.00
5.00
3.4
1.40
5.00
3.4
3.4
1.2
1.20
3.8
4.5
3.2
4.20
1
2
2.2
3.4
1.00
1.00
3.2
3.2
0
3.80
1.4
3.6
4.60
2
3.4
5
2.8
1.4
1.60
2.6
1.40
1.80
3.6
4.4
5.00
4
3.4
1.4
0
0.20
0.40
2.5
3.6
1.20
3.8
2.2
5.00
5
3
2.8
4.4
1.60
3
1.4
5.00
1.4
1.40
2.8
1.4
1.40
1.20
0.2
0.20
4.8
3
0.40
4.80
1
1.40
0.4
2.8
4.80
4.40
0.8
0.40
5.00
4.2
2
1.8
1.00
3.2
2.2
5
5.00
2.2
2.60
2.8
4.20
1.4
1.40
2
0.40
0.40
0
0.40
1.20
4.2
5.00
3.60
3.80
2.8
3.8
5
3.60
1.20
4.6
2.00
2.2
2.80
3.80
2.8
3
5
4
2.2
3.40
5.00
3.8
3.40
2.4
4.6
1
2.8
3.6
2.20
4
1.30
0.60
3
1.20
0.00
0.6
0.00
3.2
3.4
3.40
2.60
1.2
4.2
3.4
4
1.8
1.20
1.20
2.2
3.8
3.80
1.8
0.00
2.80
0.4
4.4
4.2
4.2
2.80
4
1.20
2.6
2.6
3.4
3.4
1.8
4.4
4.00
4.00
0.8
3.6
0
2.8
1.80
2.8
4
5.00
2.6
0.00
1.6
5
3.8
4.4
5
3.8
0
3.8
1.40
0.40
5
2.2
0.40
3.20
2
4.8
1
4.6
2.40
0.8
1
4.00
3
4.80
0.00
1.2
1.40
2
4
4.80
1.4
1.20
3.8
5
4.4
2.2
2.8
3.8
2.00
2.2
4.40
1.40
2
0.2
1.6
5
2.2
1.80
4
2.20
1.20
3
1.80
1.20
3.2
4
1.4
4.2
3.00
0.40
1.4
3.8
3.60
1.00
4.4
0.8
0.40
3
0.8
3.20
0.00
3.20
1.40
4.60
5.00
3
0.8
4.00
4
4.2
3.4
0.6
2.6
5.00
3
1.6
1.2
5
5.00
4.60
2.8
2.80
4.60
4.6
4.20
5
4.2
3.20
4.2
4.2
2.20
5.00
4.8
4
5.00
3.6
2.40
0.40
3.40
3.8
2.8
3.80
4.2
1
5.00
0.60
4.4
0.40
1.2
0.8
1.80
4.80
1.4
0.20
4
0.40
0
4.4
2.2
4.80
0.4
3.4
4.4
4.60
1.4
4.2
2.4
1.20
4
3
4.00
2.00
5
0.4
3.5
1.20
3.60
1.40
1
3.20
4
3.8
3.4
3.2
1.2
5
1.20
1.8
2.6
3.8
3.00
2
0.2
0.60
4
2.00
0
3.60
1.2
3.4
3
3.00
1.00
3.2
2.4
3.33333333333333
3.4
2.60
0
2.60
4.8
5.00
1
3.4
2.80
3.00
3.2
