0.70990142066
0.700654149085
0.65618338302
0.925476502606
0.433100230114
0.808030788592
0.72251954427
0.0110820225387
-0.0432046758596
0.922413786713
0.74654579601
0.61883342035
0.580723512332
0.815131662097
0.816330234947
0.645032489664
0.928830831326
0.642010317547
0.894105077767
0.918387177504
0.369588441951
0.901577763544
0.697230429082
0.609811452954
0.443455095028
0.684993097838
0.49016353273
0.900964243282
0.506233061087
0.613502536673
0.834021724977
0.565214667973
0.908802331273
0.318831034446
0.675343414194
0.677567718436
0.878625428325
0.661144661628
0.834105729427
0.899944568688
0.0368589197212
-0.0537790887603
0.886042693071
0.856987919241
0.689381022136
0.367702874485
0.734165766132
0.862571586566
0.447300966776
0.883216568975
0.579762750596
0.886508174944
0.870064348822
0.882860998524
0.889299017562
0.591786495065
0.897105020917
0.854564957869
0.920279483077
0.881534460485
0.900807985126
0.914111052906
0.584205239723
0.805322955189
0.907239370728
0.894879325853
0.812835699117
0.923658641432
0.886461047895
0.525184723098
0.807308753781
0.904309577553
0.539838817145
-0.0370001480367
0.415040817055
0.902033678457
0.681941032599
0.934363572629
0.00493511680389
0.0547005424971
0.684527883085
0.916964414822
0.467064893495
0.82753162598
0.892118544713
0.674191273879
0.846567490218
0.687380580584
0.832457930737
-0.0319216133334
0.584044089597
0.744267297726
0.713938839317
0.575220973686
0.745013574471
0.240529369886
0.444608402493
0.450137424769
0.903302968371
0.911425721123
0.880345256156
0.506679538989
0.892987981727
0.909480192259
0.469555966446
0.727481994842
0.914785883766
-0.0667414781545
0.771605345165
0.925163752854
0.604249787012
0.808063982735
0.708478564187
0.933763284506
0.669776801864
0.883843024195
0.865567403117
0.898190578933
0.564116753844
0.703819908968
0.043871951447
0.911913048244
0.901413137428
0.817366913909
0.475961057134
0.913580271209
0.615763409327
0.822515490801
0.015920914237
0.0131785735213
0.391183312676
-0.0468245472933
0.0188311746679
0.80079292697
0.0296465194755
0.83337495013
0.0024463969217
0.2273760528
0.93458785014
0.558899535027
0.802326808167
0.245195108405
-0.0706721713467
0.909183734318
0.806437970619
0.689817763567
0.750110376953
0.90197732299
0.378001490455
-0.0555553014483
0.799693549296
-0.0971285307407
0.832089622105
0.804394592328
0.916280159364
0.881956263404
0.841880631727
0.438900442242
0.802175829054
0.7342373971
0.399242255503
0.934420892578
0.0124340935914
0.344645059503
-0.0141840150582
-0.0848779305643
0.0698234014921
0.7835531883
0.629305417026
0.874893962857
0.836526167649
0.517014288485
0.611012942414
0.699164832688
0.730081411015
0.614728625217
0.930300737827
0.0271302592981
0.808781318555
0.522882181951
0.685995230021
0.419202505275
0.673886254511
0.839501565298
0.913733862819
0.451574092995
0.37057128175
0.295267200352
0.912271780151
0.244637369426
0.356258338236
0.743940493064
0.192384718409
-0.0380063510915
0.820414699659
-0.0322682710278
0.528381572642
0.692135137432
0.482068284564
0.82508583105
0.581630845048
0.697753652138
0.934561378178
-0.0733218785666
0.658246565618
0.891211299322
0.63929447981
0.796796653298
0.523847521281
0.0839522598742
0.906927463901
0.908782556298
0.419997232594
0.844314775692
-0.0114089155088
0.325781129236
0.557112207627
0.369023764228
0.858836629142
0.908676277726
0.469248058687
0.707375077803
0.032710386876
0.811677393064
0.846884081071
0.341701756545
0.83093017731
0.205633277355
0.75939672551
0.511606310343
0.599676509687
0.805902722927
0.629045286121
0.927091645635
0.649846437447
0.545413076967
0.753631913106
0.734472622973
0.581050516294
0.691088713539
0.907832447116
0.908578048203
0.823221635132
0.870512320775
0.700443597793
0.912829779848
0.558761956304
0.924222598081
0.709752468446
0.505065483047